639.0 357.867 4
639.0 357.867 8
639.0 357.867 10
639.0 357.867 14
639.0 357.867 18
639.0 357.867 22
639.0 356.8 26
638.0 357.867 30
638.0 356.8 34
637.0 356.8 38
638.0 356.8 42
637.0 356.8 46
637.0 356.8 50
637.0 356.8 54
637.0 355.733 58
637.0 355.733 62
636.0 354.667 66
636.0 354.667 70
636.0 354.667 74
636.0 353.6 78
636.0 353.6 82
636.0 353.6 86
635.0 353.6 90
635.0 353.6 94
636.0 353.6 98
635.0 354.667 102
636.0 353.6 106
636.0 353.6 110
636.0 353.6 114
636.0 353.6 118
635.0 352.533 122
636.0 354.667 126
636.0 354.667 130
636.0 353.6 134
636.0 353.6 138
636.0 353.6 142
636.0 354.667 146
636.0 354.667 150
637.0 354.667 154
638.0 354.667 158
638.0 353.6 162
638.0 353.6 166
638.0 353.6 170
637.0 353.6 174
638.0 353.6 178
638.0 353.6 182
638.0 353.6 186
638.0 353.6 190
638.0 353.6 194
638.0 353.6 198
637.0 353.6 202
637.0 354.667 206
637.0 354.667 210
637.0 354.667 214
637.0 355.733 218
637.0 354.667 222
637.0 354.667 226
637.0 354.667 230
638.0 355.733 234
638.0 353.6 238
637.0 354.667 242
636.0 353.6 246
637.0 353.6 250
637.0 354.667 254
636.0 355.733 258
636.0 354.667 262
636.0 354.667 266
635.0 355.733 270
635.0 356.8 274
635.0 356.8 278
636.0 356.8 282
636.0 355.733 286
635.0 356.8 290
635.0 357.867 294
635.0 357.867 298
635.0 357.867 302
636.0 357.867 306
636.0 356.8 310
636.0 356.8 314
636.0 356.8 318
637.0 356.8 322
636.0 354.667 326
637.0 355.733 330
637.0 355.733 334
637.0 355.733 338
637.0 355.733 342
637.0 355.733 346
638.0 356.8 350
638.0 356.8 354
638.0 356.8 358
638.0 356.8 362
637.0 356.8 366
632.0 356.8 370
610.0 353.6 374
582.0 349.333 378
556.0 344.0 382
534.0 339.733 386
517.0 335.467 390
500.0 333.333 394
487.0 333.333 398
485.0 334.4 402
489.0 334.4 406
494.0 336.533 410
497.0 339.733 414
498.0 341.867 418
499.0 342.933 422
498.0 342.933 426
498.0 344.0 430
498.0 344.0 434
497.0 344.0 438
497.0 342.933 442
497.0 342.933 446
497.0 344.0 450
497.0 344.0 454
498.0 345.067 458
499.0 345.067 462
499.0 345.067 466
499.0 345.067 470
499.0 345.067 474
499.0 345.067 478
499.0 345.067 482
500.0 345.067 486
500.0 344.0 490
500.0 345.067 494
500.0 345.067 498
500.0 345.067 502
500.0 345.067 506
500.0 345.067 510
500.0 345.067 514
500.0 345.067 518
500.0 344.0 522
500.0 344.0 526
500.0 345.067 530
500.0 345.067 534
500.0 345.067 538
500.0 345.067 542
500.0 345.067 546
500.0 347.2 550
500.0 345.067 554
500.0 345.067 558
500.0 346.133 562
500.0 346.133 566
500.0 347.2 570
500.0 346.133 574
500.0 346.133 578
504.0 347.2 582
518.0 347.2 586
548.0 342.933 590
587.0 336.533 594
628.0 328.0 598
666.0 321.6 602
703.0 320.533 606
736.0 314.133 610
758.0 307.733 614
767.0 306.667 618
768.0 308.8 622
767.0 310.933 626
769.0 310.933 630
772.0 309.867 634
774.0 308.8 638
774.0 307.733 642
774.0 305.6 646
775.0 303.467 650
778.0 302.4 654
778.0 302.4 658
778.0 303.467 662
778.0 303.467 666
778.0 303.467 670
778.0 304.533 674
779.0 305.6 678
779.0 304.533 682
780.0 304.533 686
780.0 304.533 690
781.0 304.533 694
781.0 304.533 698
783.0 303.467 702
783.0 302.4 706
783.0 302.4 710
783.0 302.4 714
783.0 301.333 718
784.0 300.267 722
784.0 300.267 726
784.0 300.267 730
784.0 300.267 734
784.0 299.2 738
784.0 300.267 742
784.0 300.267 746
784.0 300.267 750
784.0 300.267 754
784.0 300.267 758
783.0 300.267 762
784.0 301.333 766
783.0 300.267 770
783.0 300.267 774
784.0 300.267 778
784.0 301.333 782
784.0 300.267 786
784.0 300.267 790
784.0 301.333 794
784.0 301.333 798
784.0 300.267 802
784.0 301.333 806
784.0 301.333 810
784.0 301.333 814
784.0 301.333 818
784.0 301.333 822
784.0 301.333 826
784.0 301.333 830
785.0 301.333 834
784.0 301.333 838
784.0 301.333 842
784.0 301.333 846
785.0 301.333 850
785.0 302.4 854
785.0 301.333 858
786.0 301.333 862
786.0 301.333 866
785.0 300.267 870
774.0 299.2 874
751.0 293.867 878
722.0 280.0 882
695.0 275.733 886
678.0 274.667 890
670.0 274.667 894
668.0 274.667 898
668.0 273.6 902
670.0 273.6 906
673.0 277.867 910
675.0 278.933 914
678.0 280.0 918
678.0 280.0 922
677.0 280.0 926
676.0 281.067 930
676.0 281.067 934
676.0 280.0 938
676.0 280.0 942
676.0 280.0 946
677.0 280.0 950
677.0 280.0 954
677.0 280.0 958
677.0 281.067 962
678.0 281.067 966
678.0 281.067 970
677.0 281.067 974
677.0 281.067 978
677.0 281.067 982
677.0 281.067 986
677.0 281.067 990
677.0 281.067 994
677.0 281.067 998
677.0 281.067 1002
677.0 282.133 1006
678.0 281.067 1010
678.0 281.067 1014
678.0 281.067 1018
678.0 281.067 1022
679.0 281.067 1026
679.0 281.067 1030
680.0 281.067 1034
680.0 281.067 1038
680.0 281.067 1042
680.0 281.067 1046
680.0 281.067 1050
680.0 281.067 1054
680.0 281.067 1058
680.0 282.133 1062
680.0 281.067 1066
680.0 281.067 1070
680.0 282.133 1074
680.0 282.133 1078
680.0 282.133 1082
680.0 282.133 1086
679.0 283.2 1090
680.0 282.133 1094
680.0 282.133 1098
681.0 282.133 1102
680.0 282.133 1106
680.0 283.2 1110
680.0 283.2 1114
680.0 283.2 1118
680.0 283.2 1122
680.0 283.2 1126
680.0 283.2 1130
681.0 283.2 1134
681.0 283.2 1138
682.0 283.2 1142
682.0 283.2 1146
682.0 283.2 1150
682.0 283.2 1154
682.0 283.2 1158
682.0 283.2 1162
682.0 283.2 1166
683.0 283.2 1170
683.0 283.2 1174
683.0 283.2 1178
683.0 283.2 1182
688.0 284.267 1186
707.0 293.867 1190
739.0 304.533 1194
777.0 312.0 1198
814.0 313.067 1202
849.0 316.267 1206
879.0 316.267 1210
906.0 314.133 1214
926.0 319.467 1218
937.0 324.8 1222
942.0 324.8 1226
944.0 324.8 1230
946.0 324.8 1234
949.0 324.8 1238
953.0 323.733 1242
954.0 323.733 1246
956.0 322.667 1250
957.0 322.667 1254
958.0 322.667 1258
960.0 322.667 1262
960.0 322.667 1266
962.0 322.667 1270
962.0 322.667 1274
964.0 321.6 1278
964.0 322.667 1282
965.0 321.6 1286
966.0 322.667 1290
967.0 321.6 1294
967.0 321.6 1298
968.0 321.6 1302
968.0 321.6 1306
969.0 321.6 1310
969.0 320.533 1314
969.0 318.4 1318
969.0 319.467 1322
969.0 318.4 1326
969.0 318.4 1330
969.0 318.4 1334
969.0 318.4 1338
970.0 318.4 1342
971.0 318.4 1346
971.0 319.467 1350
971.0 320.533 1354
972.0 320.533 1358
972.0 320.533 1362
973.0 321.6 1366
974.0 321.6 1370
974.0 320.533 1374
975.0 320.533 1378
975.0 319.467 1382
975.0 319.467 1386
975.0 319.467 1390
975.0 318.4 1394
975.0 317.333 1398
976.0 316.267 1402
976.0 316.267 1406
976.0 316.267 1410
976.0 316.267 1414
976.0 316.267 1418
975.0 316.267 1422
976.0 316.267 1426
976.0 316.267 1430
976.0 316.267 1434
975.0 317.333 1438
975.0 317.333 1442
975.0 317.333 1446
975.0 317.333 1450
976.0 316.267 1454
976.0 318.4 1458
977.0 317.333 1462
977.0 318.4 1466
977.0 317.333 1470
978.0 318.4 1474
978.0 318.4 1478
979.0 318.4 1482
979.0 318.4 1486
979.0 318.4 1490
979.0 317.333 1494
979.0 317.333 1498
979.0 316.267 1502
979.0 317.333 1506
979.0 316.267 1510
979.0 316.267 1514
981.0 316.267 1518
980.0 316.267 1522
980.0 316.267 1526
980.0 316.267 1530
981.0 316.267 1534
980.0 316.267 1538
982.0 316.267 1542
981.0 316.267 1546
981.0 316.267 1550
982.0 315.2 1554
982.0 314.133 1558
983.0 313.067 1562
983.0 314.133 1566
983.0 314.133 1570
982.0 314.133 1574
982.0 315.2 1578
982.0 315.2 1582
982.0 315.2 1586
981.0 315.2 1590
981.0 315.2 1594
981.0 315.2 1598
981.0 315.2 1602
982.0 314.133 1606
982.0 315.2 1610
982.0 315.2 1614
982.0 315.2 1618
982.0 314.133 1622
981.0 314.133 1626
982.0 314.133 1630
982.0 314.133 1634
981.0 314.133 1638
981.0 314.133 1642
981.0 314.133 1646
981.0 315.2 1650
980.0 314.133 1654
980.0 315.2 1658
980.0 315.2 1662
980.0 314.133 1666
980.0 315.2 1670
980.0 314.133 1674
981.0 315.2 1678
981.0 314.133 1682
981.0 314.133 1686
981.0 314.133 1690
981.0 314.133 1694
981.0 314.133 1698
981.0 313.067 1702
982.0 313.067 1706
983.0 314.133 1710
983.0 314.133 1714
984.0 313.067 1718
983.0 313.067 1722
983.0 313.067 1726
983.0 313.067 1730
983.0 314.133 1734
984.0 313.067 1738
984.0 313.067 1742
984.0 313.067 1746
984.0 313.067 1750
984.0 313.067 1754
983.0 313.067 1758
983.0 313.067 1762
983.0 313.067 1766
983.0 313.067 1770
982.0 313.067 1774
970.0 309.867 1778
945.0 307.733 1782
909.0 303.467 1786
871.0 293.867 1790
836.0 285.333 1794
803.0 283.2 1798
774.0 277.867 1802
746.0 275.733 1806
720.0 269.333 1810
701.0 266.133 1814
690.0 267.2 1818
684.0 267.2 1822
684.0 268.267 1826
688.0 270.4 1830
692.0 275.733 1834
693.0 278.933 1838
694.0 278.933 1842
695.0 281.067 1846
695.0 282.133 1850
695.0 282.133 1854
695.0 281.067 1858
695.0 281.067 1862
696.0 281.067 1866
696.0 281.067 1870
697.0 281.067 1874
697.0 280.0 1878
698.0 281.067 1882
698.0 280.0 1886
700.0 280.0 1890
700.0 278.933 1894
700.0 278.933 1898
700.0 277.867 1902
701.0 276.8 1906
701.0 276.8 1910
701.0 276.8 1914
701.0 276.8 1918
701.0 276.8 1922
702.0 277.867 1926
702.0 277.867 1930
702.0 277.867 1934
702.0 276.8 1938
702.0 277.867 1942
701.0 277.867 1946
702.0 276.8 1950
702.0 276.8 1954
702.0 276.8 1958
702.0 276.8 1962
703.0 277.867 1966
703.0 277.867 1970
704.0 277.867 1974
703.0 277.867 1978
704.0 277.867 1982
704.0 277.867 1986
704.0 277.867 1990
704.0 275.733 1994
704.0 275.733 1998
